	How child's stool was disposed among youngest children under age 2 living with m							
	Child used toilet or latrine	Put/rinsed into toilet or latrine	Buried	Put/rinsed into drain or ditch	Thrown into garbage	Left in the open	Other	Total
	%	%	%	%	%	%	%	%
RECODE of age								
 12-23	5.2	45.3	2.6	20.9	10.3	15.1	0.5	100.0
Total	5.2	45.3	2.6	20.9	10.3	15.1	0.5	100.0

urban-rural status								
urban	9.3	54.4	0.3	20.2	11.0	4.7	0.0	100.0
rural	3.8	42.2	3.5	21.1	10.1	18.7	0.6	100.0
Total	5.2	45.3	2.6	20.9	10.3	15.1	0.5	100.0

highest educational level								
no education	7.6	34.4	0.8	22.7	8.4	24.3	1.8	100.0
primary	3.2	40.2	4.3	23.1	10.1	18.6	0.5	100.0
secondary	5.7	53.4	1.9	18.5	11.4	9.1	0.0	100.0
higher	10.4	62.6	0.0	14.6	10.9	1.5	0.0	100.0
Total	5.2	45.3	2.6	20.9	10.3	15.1	0.5	100.0

myanmar regions, 2015 [gis]								
kachin	8.2	31.6	6.0	9.3	13.3	31.7	0.0	100.0
kayah	3.3	53.0	0.0	18.0	4.6	21.0	0.0	100.0
kayin	6.3	33.9	9.4	16.6	8.8	17.2	7.9	100.0
chin	6.0	29.0	2.4	31.4	7.3	23.8	0.0	100.0
sagaing	10.7	37.8	3.8	17.7	22.4	7.6	0.0	100.0
taninthayi	3.4	44.9	0.0	16.8	3.7	31.2	0.0	100.0
bago	1.7	46.6	6.5	19.3	3.2	22.7	0.0	100.0
magway	2.2	68.9	0.0	18.1	6.4	4.4	0.0	100.0
mandalay	6.4	39.3	1.9	18.4	26.2	7.8	0.0	100.0
mon	0.0	48.2	4.5	22.2	7.2	18.0	0.0	100.0
rakhine	0.0	22.0	1.3	18.7	8.8	46.7	2.5	100.0
yangon	5.2	59.6	0.0	23.0	12.2	0.0	0.0	100.0
shan	8.4	40.1	1.3	26.7	10.3	13.3	0.0	100.0
ayeyarwaddy	4.5	56.8	3.2	23.5	0.0	12.1	0.0	100.0
naypyitaw	6.1	36.1	6.4	19.9	4.1	27.3	0.0	100.0
Total	5.2	45.3	2.6	20.9	10.3	15.1	0.5	100.0

household wealth index in quintiles								
poorest	5.2	34.7	2.4	18.8	8.9	28.6	1.4	100.0
poorer	1.4	46.9	6.0	24.1	5.6	15.8	0.2	100.0
middle	3.9	45.1	2.6	25.9	10.7	11.8	0.0	100.0
richer	4.6	50.2	1.6	20.9	13.6	9.2	0.0	100.0
richest	12.1	56.5	0.0	15.7	15.2	0.5	0.0	100.0
Total	5.2	45.3	2.6	20.9	10.3	15.1	0.5	100.0

	Child's stool was disposed of appropriately among youngest children under age 2 		
	not safe	Safe disposal	Total
	%	%	%
RECODE of age			
 12-23	46.8	53.2	100.0
Total	46.8	53.2	100.0

urban-rural status			
urban	35.9	64.1	100.0
rural	50.6	49.4	100.0
Total	46.8	53.2	100.0

highest educational level			
no education	57.2	42.8	100.0
primary	52.3	47.7	100.0
secondary	39.0	61.0	100.0
higher	27.0	73.0	100.0
Total	46.8	53.2	100.0

myanmar regions, 2015 [gis]			
kachin	54.3	45.7	100.0
kayah	43.6	56.4	100.0
kayin	50.4	49.6	100.0
chin	62.5	37.5	100.0
sagaing	47.6	52.4	100.0
taninthayi	51.7	48.3	100.0
bago	45.2	54.8	100.0
magway	28.8	71.2	100.0
mandalay	52.4	47.6	100.0
mon	47.4	52.6	100.0
rakhine	76.7	23.3	100.0
yangon	35.2	64.8	100.0
shan	50.2	49.8	100.0
ayeyarwaddy	35.5	64.5	100.0
naypyitaw	51.4	48.6	100.0
Total	46.8	53.2	100.0

household wealth index in quintiles			
poorest	57.7	42.3	100.0
poorer	45.8	54.2	100.0
middle	48.5	51.5	100.0
richer	43.7	56.3	100.0
richest	31.4	68.6	100.0
Total	46.8	53.2	100.0

